<?xml version="1.0"?>
<opencv_storage>
<calibration_time>"Wed Apr 27 21:36:01 2022"</calibration_time>
<nr_of_frames>2</nr_of_frames>
<image_width>1628</image_width>
<image_height>1080</image_height>
<board_width>9</board_width>
<board_height>6</board_height>
<square_size>50.</square_size>
<fix_aspect_ratio>1.</fix_aspect_ratio>
<!-- flags: +fix_aspectRatio +fix_principal_point +zero_tangent_dist +fix_k4 +fix_k5 -->
<flags>6158</flags>
<fisheye_model>0</fisheye_model>
<camera_matrix type_id="opencv-matrix">
  <rows>3</rows>
  <cols>3</cols>
  <dt>d</dt>
  <data>
    2.5928664030711652e+03 0. 8.1350000000000000e+02 0.
    2.5928664030711652e+03 5.3950000000000000e+02 0. 0. 1.</data></camera_matrix>
<distortion_coefficients type_id="opencv-matrix">
  <rows>5</rows>
  <cols>1</cols>
  <dt>d</dt>
  <data>
    -2.0728614385746447e+00 4.1974917574423261e+00 0. 0.
    -3.0128337393419393e+00</data></distortion_coefficients>
<avg_reprojection_error>1.6253994961660652e+00</avg_reprojection_error>
<per_view_reprojection_errors type_id="opencv-matrix">
  <rows>2</rows>
  <cols>1</cols>
  <dt>f</dt>
  <data>
    1.62539947e+00 1.62539947e+00</data></per_view_reprojection_errors>
<!-- a set of 6-tuples (rotation vector + translation vector) for each view -->
<extrinsic_parameters type_id="opencv-matrix">
  <rows>2</rows>
  <cols>6</cols>
  <dt>d</dt>
  <data>
    -3.1239386738505742e-01 2.6607220062621912e-02
    -2.1815599324518388e-03 -2.0414875723532981e+02
    -1.5399756108757308e+02 1.0467912767276621e+03
    -3.1239386738505748e-01 2.6607220062621992e-02
    -2.1815599324518566e-03 -2.0414875723532981e+02
    -1.5399756108757305e+02 1.0467912767276621e+03</data></extrinsic_parameters>
<image_points type_id="opencv-matrix">
  <rows>2</rows>
  <cols>54</cols>
  <dt>"2f"</dt>
  <data>
    3.61222626e+02 2.02659454e+02 4.60815338e+02 1.90576218e+02
    5.69556458e+02 1.80602783e+02 6.83738220e+02 1.73665436e+02
    8.01595764e+02 1.69934692e+02 9.20324707e+02 1.69659119e+02
    1.03692859e+03 1.73010376e+02 1.14745654e+03 1.79480804e+02
    1.24997058e+03 1.88689743e+02 3.47323456e+02 2.99113434e+02
    4.49696625e+02 2.89719055e+02 5.61720337e+02 2.81980896e+02
    6.79838745e+02 2.76361908e+02 8.02259949e+02 2.73277863e+02
    9.25134216e+02 2.72768036e+02 1.04633545e+03 2.75521759e+02
    1.16035437e+03 2.80508179e+02 1.26565930e+03 2.87672913e+02
    3.35719055e+02 4.02582642e+02 4.39953217e+02 3.96475037e+02
    5.54579224e+02 3.91417114e+02 6.76326538e+02 3.87543671e+02
    8.02388367e+02 3.85462708e+02 9.29190491e+02 3.85255981e+02
    1.05378906e+03 3.86685272e+02 1.17069592e+03 3.89798553e+02
    1.27854004e+03 3.94426788e+02 3.26860138e+02 5.12525330e+02
    4.32488800e+02 5.10272339e+02 5.49282227e+02 5.08243317e+02
    6.73333496e+02 5.06688568e+02 8.02241760e+02 5.05701172e+02
    9.31701416e+02 5.05335632e+02 1.05906335e+03 5.05500000e+02
    1.17833618e+03 5.06357452e+02 1.28761487e+03 5.07586121e+02
    3.21423950e+02 6.26303162e+02 4.27869781e+02 6.28272766e+02
    5.45660767e+02 6.29817627e+02 6.71197327e+02 6.30822388e+02
    8.01535095e+02 6.31251282e+02 9.32781189e+02 6.30734314e+02
    1.06167188e+03 6.29531921e+02 1.18238806e+03 6.27713562e+02
    1.29257239e+03 6.25466675e+02 3.19744385e+02 7.40397278e+02
    4.26348267e+02 7.46835022e+02 5.44368225e+02 7.52256287e+02
    6.69930725e+02 7.55904663e+02 8.00618225e+02 7.57619934e+02
    9.32380981e+02 7.57249695e+02 1.06141394e+03 7.54545166e+02
    1.18232251e+03 7.49946350e+02 1.29264465e+03 7.43893250e+02
    3.61222626e+02 2.02659454e+02 4.60815338e+02 1.90576218e+02
    5.69556458e+02 1.80602783e+02 6.83738220e+02 1.73665436e+02
    8.01595764e+02 1.69934692e+02 9.20324707e+02 1.69659119e+02
    1.03692859e+03 1.73010376e+02 1.14745654e+03 1.79480804e+02
    1.24997058e+03 1.88689743e+02 3.47323456e+02 2.99113434e+02
    4.49696625e+02 2.89719055e+02 5.61720337e+02 2.81980896e+02
    6.79838745e+02 2.76361908e+02 8.02259949e+02 2.73277863e+02
    9.25134216e+02 2.72768036e+02 1.04633545e+03 2.75521759e+02
    1.16035437e+03 2.80508179e+02 1.26565930e+03 2.87672913e+02
    3.35719055e+02 4.02582642e+02 4.39953217e+02 3.96475037e+02
    5.54579224e+02 3.91417114e+02 6.76326538e+02 3.87543671e+02
    8.02388367e+02 3.85462708e+02 9.29190491e+02 3.85255981e+02
    1.05378906e+03 3.86685272e+02 1.17069592e+03 3.89798553e+02
    1.27854004e+03 3.94426788e+02 3.26860138e+02 5.12525330e+02
    4.32488800e+02 5.10272339e+02 5.49282227e+02 5.08243317e+02
    6.73333496e+02 5.06688568e+02 8.02241760e+02 5.05701172e+02
    9.31701416e+02 5.05335632e+02 1.05906335e+03 5.05500000e+02
    1.17833618e+03 5.06357452e+02 1.28761487e+03 5.07586121e+02
    3.21423950e+02 6.26303162e+02 4.27869781e+02 6.28272766e+02
    5.45660767e+02 6.29817627e+02 6.71197327e+02 6.30822388e+02
    8.01535095e+02 6.31251282e+02 9.32781189e+02 6.30734314e+02
    1.06167188e+03 6.29531921e+02 1.18238806e+03 6.27713562e+02
    1.29257239e+03 6.25466675e+02 3.19744385e+02 7.40397278e+02
    4.26348267e+02 7.46835022e+02 5.44368225e+02 7.52256287e+02
    6.69930725e+02 7.55904663e+02 8.00618225e+02 7.57619934e+02
    9.32380981e+02 7.57249695e+02 1.06141394e+03 7.54545166e+02
    1.18232251e+03 7.49946350e+02 1.29264465e+03 7.43893250e+02</data></image_points>
<grid_points>
  0. 0. 0. 50. 0. 0. 100. 0. 0. 150. 0. 0. 200. 0. 0. 250. 0. 0. 300. 0.
  0. 350. 0. 0. 400. 0. 0. 0. 50. 0. 50. 50. 0. 100. 50. 0. 150. 50. 0.
  200. 50. 0. 250. 50. 0. 300. 50. 0. 350. 50. 0. 400. 50. 0. 0. 100. 0.
  50. 100. 0. 100. 100. 0. 150. 100. 0. 200. 100. 0. 250. 100. 0. 300.
  100. 0. 350. 100. 0. 400. 100. 0. 0. 150. 0. 50. 150. 0. 100. 150. 0.
  150. 150. 0. 200. 150. 0. 250. 150. 0. 300. 150. 0. 350. 150. 0. 400.
  150. 0. 0. 200. 0. 50. 200. 0. 100. 200. 0. 150. 200. 0. 200. 200. 0.
  250. 200. 0. 300. 200. 0. 350. 200. 0. 400. 200. 0. 0. 250. 0. 50.
  250. 0. 100. 250. 0. 150. 250. 0. 200. 250. 0. 250. 250. 0. 300. 250.
  0. 350. 250. 0. 400. 250. 0.</grid_points>
</opencv_storage>
